# Client Date <2021>
# PacketExtractor by uragan1987
0002 0002
0002 0002
0002 0002
0002 0002
0002 0002
0002 0002
0002 0002
0002 0002
0002 0002
0002 0002
0002 0002
0002 0002
0002 0002
0002 0002
0002 0002
0002 0002
0002 0002
0002 0002
0002 0002
0002 0002
0002 0002
0002 0002
0002 0002
0002 0002
0002 0002
0002 0002
0002 0002
0002 0002
0002 0002
0002 0002
0002 0002
0002 0002
0002 0002
0002 0002
0002 0002
0002 0002
0002 0002
0002 0002
0002 0002
0002 0002
0002 0002
0002 0002
0002 0002
0002 0002
0002 0002
0002 0002
0002 0002
0002 0002
0002 0002
0002 0002
0002 0002
0002 0002
0002 0002
0002 0002
0002 0002
0002 0002
0002 0002
0002 0950
0002 0951
0002 0952
0002 0953
0002 0954
0002 0955
0002 0956
0002 0957
0002 0958
0002 0959
0002 095A
0002 095B
0002 095C
0002 095D
0002 095E
0002 095F
0002 0960
0002 0961
0002 0962
0002 0963
0002 0964
0002 0965
0002 0966
0002 0967
0002 0968
0002 0969
0002 096A
